 32750
 32750
 32750
 32750
 32750
 32701
 32701
 32701
 32701
 32701
 32620
 32620
 32620
 32620
 32620
 32507
 32507
 32507
 32507
 32507
 32362
 32362
 32362
 32362
 32362
 32184
 32184
 32184
 32184
 32184
 31975
 31975
 31975
 31975
 31975
 31734
 31734
 31734
 31734
 31734
 31462
 31462
 31462
 31462
 31462
 31159
 31159
 31159
 31159
 31159
 30825
 30825
 30825
 30825
 30825
 30460
 30460
 30460
 30460
 30460
 30065
 30065
 30065
 30065
 30065
 29641
 29641
 29641
 29641
 29641
 29187
 29187
 29187
 29187
 29187
 28705
 28705
 28705
 28705
 28705
 28194
 28194
 28194
 28194
 28194
 27655
 27655
 27655
 27655
 27655
 27088
 27088
 27088
 27088
 27088
 26496
 26496
 26496
 26496
 26496
 25876
 25876
 25876
 25876
 25876
 25232
 25232
 25232
 25232
 25232
 24562
 24562
 24562
 24562
 24562
 23868
 23868
 23868
 23868
 23868
 23150
 23150
 23150
 23150
 23150
 22410
 22410
 22410
 22410
 22410
 21647
 21647
 21647
 21647
 21647
 20863
 20863
 20863
 20863
 20863
 20058
 20058
 20058
 20058
 20058
 19234
 19234
 19234
 19234
 19234
 18390
 18390
 18390
 18390
 18390
 17528
 17528
 17528
 17528
 17528
 16649
 16649
 16649
 16649
 16649
 15754
 15754
 15754
 15754
 15754
 14843
 14843
 14843
 14843
 14843
 13917
 13917
 13917
 13917
 13917
 12977
 12977
 12977
 12977
 12977
 12025
 12025
 12025
 12025
 12025
 11061
 11061
 11061
 11061
 11061
 10086
 10086
 10086
 10086
 10086
  9100
  9100
  9100
  9100
  9100
  8106
  8106
  8106
  8106
  8106
  7104
  7104
  7104
  7104
  7104
  6095
  6095
  6095
  6095
  6095
  5079
  5079
  5079
  5079
  5079
  4059
  4059
  4059
  4059
  4059
  3035
  3035
  3035
  3035
  3035
  2008
  2008
  2008
  2008
  2008
   978
   978
   978
   978
   978
   -52
   -52
   -52
   -52
   -52
 -1082
 -1082
 -1082
 -1082
 -1082
 -2111
 -2111
 -2111
 -2111
 -2111
 -3138
 -3138
 -3138
 -3138
 -3138
 -4162
 -4162
 -4162
 -4162
 -4162
 -5182
 -5182
 -5182
 -5182
 -5182
 -6197
 -6197
 -6197
 -6197
 -6197
 -7205
 -7205
 -7205
 -7205
 -7205
 -8207
 -8207
 -8207
 -8207
 -8207
 -9200
 -9200
 -9200
 -9200
 -9200
-10184
-10184
-10184
-10184
-10184
-11158
-11158
-11158
-11158
-11158
-12121
-12121
-12121
-12121
-12121
-13072
-13072
-13072
-13072
-13072
-14011
-14011
-14011
-14011
-14011
-14935
-14935
-14935
-14935
-14935
-15845
-15845
-15845
-15845
-15845
-16739
-16739
-16739
-16739
-16739
-17616
-17616
-17616
-17616
-17616
-18476
-18476
-18476
-18476
-18476
-19318
-19318
-19318
-19318
-19318
-20140
-20140
-20140
-20140
-20140
-20943
-20943
-20943
-20943
-20943
-21725
-21725
-21725
-21725
-21725
-22485
-22485
-22485
-22485
-22485
-23223
-23223
-23223
-23223
-23223
-23939
-23939
-23939
-23939
-23939
-24630
-24630
-24630
-24630
-24630
-25298
-25298
-25298
-25298
-25298
-25940
-25940
-25940
-25940
-25940
-26556
-26556
-26556
-26556
-26556
-27147
-27147
-27147
-27147
-27147
-27710
-27710
-27710
-27710
-27710
-28246
-28246
-28246
-28246
-28246
-28754
-28754
-28754
-28754
-28754
-29234
-29234
-29234
-29234
-29234
-29685
-29685
-29685
-29685
-29685
-30106
-30106
-30106
-30106
-30106
-30498
-30498
-30498
-30498
-30498
-30860
-30860
-30860
-30860
-30860
-31191
-31191
-31191
-31191
-31191
-31491
-31491
-31491
-31491
-31491
-31760
-31760
-31760
-31760
-31760
-31997
-31997
-31997
-31997
-31997
-32203
-32203
-32203
-32203
-32203
-32378
-32378
-32378
-32378
-32378
-32520
-32520
-32520
-32520
-32520
-32630
-32630
-32630
-32630
-32630
-32707
-32707
-32707
-32707
-32707
-32753
-32753
-32753
-32753
-32753
-32766
-32766
-32766
-32766
-32766
-32746
-32746
-32746
-32746
-32746
-32695
-32695
-32695
-32695
-32695
-32611
-32611
-32611
-32611
-32611
-32494
-32494
-32494
-32494
-32494
-32346
-32346
-32346
-32346
-32346
-32165
-32165
-32165
-32165
-32165
-31953
-31953
-31953
-31953
-31953
-31709
-31709
-31709
-31709
-31709
-31434
-31434
-31434
-31434
-31434
-31127
-31127
-31127
-31127
-31127
-30790
-30790
-30790
-30790
-30790
-30423
-30423
-30423
-30423
-30423
-30025
-30025
-30025
-30025
-30025
-29598
-29598
-29598
-29598
-29598
-29141
-29141
-29141
-29141
-29141
-28656
-28656
-28656
-28656
-28656
-28142
-28142
-28142
-28142
-28142
-27601
-27601
-27601
-27601
-27601
-27032
-27032
-27032
-27032
-27032
-26436
-26436
-26436
-26436
-26436
-25815
-25815
-25815
-25815
-25815
-25167
-25167
-25167
-25167
-25167
-24495
-24495
-24495
-24495
-24495
-23799
-23799
-23799
-23799
-23799
-23079
-23079
-23079
-23079
-23079
-22336
-22336
-22336
-22336
-22336
-21571
-21571
-21571
-21571
-21571
-20785
-20785
-20785
-20785
-20785
-19979
-19979
-19979
-19979
-19979
-19152
-19152
-19152
-19152
-19152
-18307
-18307
-18307
-18307
-18307
-17443
-17443
-17443
-17443
-17443
-16563
-16563
-16563
-16563
-16563
-15666
-15666
-15666
-15666
-15666
-14753
-14753
-14753
-14753
-14753
-13826
-13826
-13826
-13826
-13826
-12885
-12885
-12885
-12885
-12885
-11931
-11931
-11931
-11931
-11931
-10966
-10966
-10966
-10966
-10966
 -9990
 -9990
 -9990
 -9990
 -9990
 -9004
 -9004
 -9004
 -9004
 -9004
 -8009
 -8009
 -8009
 -8009
 -8009
 -7006
 -7006
 -7006
 -7006
 -7006
 -5996
 -5996
 -5996
 -5996
 -5996
 -4980
 -4980
 -4980
 -4980
 -4980
 -3959
 -3959
 -3959
 -3959
 -3959
 -2935
 -2935
 -2935
 -2935
 -2935
 -1907
 -1907
 -1907
 -1907
 -1907
  -878
  -878
  -878
  -878
  -878
   152
   152
   152
   152
   152
  1182
  1182
  1182
  1182
  1182
  2211
  2211
  2211
  2211
  2211
  3238
  3238
  3238
  3238
  3238
  4262
  4262
  4262
  4262
  4262
  5281
  5281
  5281
  5281
  5281
  6295
  6295
  6295
  6295
  6295
  7303
  7303
  7303
  7303
  7303
  8304
  8304
  8304
  8304
  8304
  9296
  9296
  9296
  9296
  9296
 10280
 10280
 10280
 10280
 10280
 11253
 11253
 11253
 11253
 11253
 12215
 12215
 12215
 12215
 12215
 13165
 13165
 13165
 13165
 13165
 14101
 14101
 14101
 14101
 14101
 15024
 15024
 15024
 15024
 15024
 15933
 15933
 15933
 15933
 15933
 16825
 16825
 16825
 16825
 16825
 17701
 17701
 17701
 17701
 17701
 18559
 18559
 18559
 18559
 18559
 19399
 19399
 19399
 19399
 19399
 20219
 20219
 20219
 20219
 20219
 21020
 21020
 21020
 21020
 21020
 21800
 21800
 21800
 21800
 21800
 22558
 22558
 22558
 22558
 22558
 23294
 23294
 23294
 23294
 23294
 24007
 24007
 24007
 24007
 24007
 24696
 24696
 24696
 24696
 24696
 25361
 25361
 25361
 25361
 25361
 26001
 26001
 26001
 26001
 26001
 26615
 26615
 26615
 26615
 26615
 27203
 27203
 27203
 27203
 27203
 27764
 27764
 27764
 27764
 27764
 28297
 28297
 28297
 28297
 28297
 28802
 28802
 28802
 28802
 28802
 29279
 29279
 29279
 29279
 29279
 29727
 29727
 29727
 29727
 29727
 30146
 30146
 30146
 30146
 30146
 30535
 30535
 30535
 30535
 30535
 30893
 30893
 30893
 30893
 30893
 31221
 31221
 31221
 31221
 31221
 31518
 31518
 31518
 31518
 31518
 31784
 31784
 31784
 31784
 31784
 32019
 32019
 32019
 32019
 32019
 32222
 32222
 32222
 32222
 32222
 32393
 32393
 32393
 32393
 32393
 32532
 32532
 32532
 32532
 32532
 32639
 32639
 32639
 32639
 32639
 32713
 32713
 32713
 32713
 32713
 32756
 32756
 32756
 32756
 32756
 32765
 32765
 32765
 32765
 32765
 32743
 32743
 32743
 32743
 32743
 32688
 32688
 32688
 32688
 32688
 32601
 32601
 32601
 32601
 32601
 32481
 32481
 32481
 32481
 32481
 32329
 32329
 32329
 32329
 32329
 32146
 32146
 32146
 32146
 32146
 31930
 31930
 31930
 31930
 31930
 31684
 31684
 31684
 31684
 31684
 31405
 31405
 31405
 31405
 31405
 31096
 31096
 31096
 31096
 31096
 30756
 30756
 30756
 30756
 30756
 30385
 30385
 30385
 30385
 30385
 29985
 29985
 29985
 29985
 29985
 29555
 29555
 29555
 29555
 29555
 29095
 29095
 29095
 29095
 29095
 28607
 28607
 28607
 28607
 28607
 28091
 28091
 28091
 28091
 28091
 27546
 27546
 27546
 27546
 27546
 26975
 26975
 26975
 26975
 26975
 26377
 26377
 26377
 26377
 26377
 25752
 25752
 25752
 25752
 25752
 25103
 25103
 25103
 25103
 25103
 24428
 24428
 24428
 24428
 24428
 23730
 23730
 23730
 23730
 23730
 23007
 23007
 23007
 23007
 23007
 22263
 22263
 22263
 22263
 22263
 21496
 21496
 21496
 21496
 21496
 20708
 20708
 20708
 20708
 20708
 19899
 19899
 19899
 19899
 19899
 19071
 19071
 19071
 19071
 19071
 18223
 18223
 18223
 18223
 18223
 17358
 17358
 17358
 17358
 17358
 16476
 16476
 16476
 16476
 16476
 15577
 15577
 15577
 15577
 15577
 14663
 14663
 14663
 14663
 14663
 13735
 13735
 13735
 13735
 13735
 12793
 12793
 12793
 12793
 12793
 11838
 11838
 11838
 11838
 11838
 10871
 10871
 10871
 10871
 10871
  9894
  9894
  9894
  9894
  9894
  8907
  8907
  8907
  8907
  8907
  7911
  7911
  7911
  7911
  7911
  6908
  6908
  6908
  6908
  6908
  5897
  5897
  5897
  5897
  5897
  4881
  4881
  4881
  4881
  4881
  3860
  3860
  3860
  3860
  3860
  2835
  2835
  2835
  2835
  2835
  1807
  1807
  1807
  1807
  1807
   777
   777
   777
   777
   777
  -253
  -253
  -253
  -253
  -253
 -1283
 -1283
 -1283
 -1283
 -1283
 -2312
 -2312
 -2312
 -2312
 -2312
 -3338
 -3338
 -3338
 -3338
 -3338
 -4361
 -4361
 -4361
 -4361
 -4361
 -5380
 -5380
 -5380
 -5380
 -5380
 -6394
 -6394
 -6394
 -6394
 -6394
 -7401
 -7401
 -7401
 -7401
 -7401
 -8401
 -8401
 -8401
 -8401
 -8401
 -9393
 -9393
 -9393
 -9393
 -9393
-10375
-10375
-10375
-10375
-10375
-11347
-11347
-11347
-11347
-11347
-12308
-12308
-12308
-12308
-12308
-13257
-13257
-13257
-13257
-13257
-14192
-14192
-14192
-14192
-14192
-15114
-15114
-15114
-15114
-15114
-16020
-16020
-16020
-16020
-16020
-16911
-16911
-16911
-16911
-16911
-17785
-17785
-17785
-17785
-17785
-18642
-18642
-18642
-18642
-18642
-19480
-19480
-19480
-19480
-19480
-20298
-20298
-20298
-20298
-20298
-21097
-21097
-21097
-21097
-21097
-21875
-21875
-21875
-21875
-21875
-22631
-22631
-22631
-22631
-22631
-23365
-23365
-23365
-23365
-23365
-24076
-24076
-24076
-24076
-24076
-24762
-24762
-24762
-24762
-24762
-25425
-25425
-25425
-25425
-25425
-26062
-26062
-26062
-26062
-26062
-26674
-26674
-26674
-26674
-26674
-27259
-27259
-27259
-27259
-27259
-27817
-27817
-27817
-27817
-27817
-28348
-28348
-28348
-28348
-28348
-28850
-28850
-28850
-28850
-28850
-29324
-29324
-29324
-29324
-29324
-29769
-29769
-29769
-29769
-29769
-30185
-30185
-30185
-30185
-30185
-30571
-30571
-30571
-30571
-30571
-30927
-30927
-30927
-30927
-30927
-31252
-31252
-31252
-31252
-31252
-31546
-31546
-31546
-31546
-31546
-31809
-31809
-31809
-31809
-31809
-32040
-32040
-32040
-32040
-32040
-32240
-32240
-32240
-32240
-32240
-32408
-32408
-32408
-32408
-32408
-32544
-32544
-32544
-32544
-32544
-32647
-32647
-32647
-32647
-32647
-32719
-32719
-32719
-32719
-32719
-32758
-32758
-32758
-32758
-32758
-32765
-32765
-32765
-32765
-32765
-32739
-32739
-32739
-32739
-32739
-32681
-32681
-32681
-32681
-32681
-32590
-32590
-32590
-32590
-32590
-32468
-32468
-32468
-32468
-32468
-32313
-32313
-32313
-32313
-32313
-32126
-32126
-32126
-32126
-32126
-31908
-31908
-31908
-31908
-31908
-31658
-31658
-31658
-31658
-31658
-31376
-31376
-31376
-31376
-31376
-31064
-31064
-31064
-31064
-31064
-30721
-30721
-30721
-30721
-30721
-30348
-30348
-30348
-30348
-30348
-29944
-29944
-29944
-29944
-29944
-29511
-29511
-29511
-29511
-29511
-29049
-29049
-29049
-29049
-29049
-28558
-28558
-28558
-28558
-28558
-28039
-28039
-28039
-28039
-28039
-27492
-27492
-27492
-27492
-27492
-26918
-26918
-26918
-26918
-26918
-26317
-26317
-26317
-26317
-26317
-25690
-25690
-25690
-25690
-25690
-25038
-25038
-25038
-25038
-25038
-24361
-24361
-24361
-24361
-24361
-23660
-23660
-23660
-23660
-23660
-22936
-22936
-22936
-22936
-22936
-22189
-22189
-22189
-22189
-22189
-21420
-21420
-21420
-21420
-21420
-20630
-20630
-20630
-20630
-20630
-19819
-19819
-19819
-19819
-19819
-18989
-18989
-18989
-18989
-18989
-18140
-18140
-18140
-18140
-18140
-17273
-17273
-17273
-17273
-17273
-16389
-16389
-16389
-16389
-16389
-15489
-15489
-15489
-15489
-15489
-14573
-14573
-14573
-14573
-14573
-13643
-13643
-13643
-13643
-13643
-12700
-12700
-12700
-12700
-12700
-11744
-11744
-11744
-11744
-11744
-10776
-10776
-10776
-10776
-10776
 -9798
 -9798
 -9798
 -9798
 -9798
 -8810
 -8810
 -8810
 -8810
 -8810
 -7814
 -7814
 -7814
 -7814
 -7814
 -6809
 -6809
 -6809
 -6809
 -6809
 -5798
 -5798
 -5798
 -5798
 -5798
 -4781
 -4781
 -4781
 -4781
 -4781
 -3760
 -3760
 -3760
 -3760
 -3760
 -2735
 -2735
 -2735
 -2735
 -2735
 -1707
 -1707
 -1707
 -1707
 -1707
  -677
  -677
  -677
  -677
  -677
   353
   353
   353
   353
   353
  1383
  1383
  1383
  1383
  1383
  2412
  2412
  2412
  2412
  2412
  3438
  3438
  3438
  3438
  3438
  4461
  4461
  4461
  4461
  4461
  5479
  5479
  5479
  5479
  5479
  6492
  6492
  6492
  6492
  6492
  7499
  7499
  7499
  7499
  7499
  8498
  8498
  8498
  8498
  8498
  9489
  9489
  9489
  9489
  9489
 10470
 10470
 10470
 10470
 10470
 11441
 11441
 11441
 11441
 11441
 12401
 12401
 12401
 12401
 12401
 13348
 13348
 13348
 13348
 13348
 14283
 14283
 14283
 14283
 14283
 15203
 15203
 15203
 15203
 15203
 16108
 16108
 16108
 16108
 16108
 16997
 16997
 16997
 16997
 16997
 17869
 17869
 17869
 17869
 17869
 18724
 18724
 18724
 18724
 18724
 19560
 19560
 19560
 19560
 19560
 20377
 20377
 20377
 20377
 20377
 21174
 21174
 21174
 21174
 21174
 21950
 21950
 21950
 21950
 21950
 22704
 22704
 22704
 22704
 22704
 23435
 23435
 23435
 23435
 23435
 24144
 24144
 24144
 24144
 24144
 24828
 24828
 24828
 24828
 24828
 25488
 25488
 25488
 25488
 25488
 26123
 26123
 26123
 26123
 26123
 26732
 26732
 26732
 26732
 26732
 27314
 27314
 27314
 27314
 27314
 27870
 27870
 27870
 27870
 27870
 28398
 28398
 28398
 28398
 28398
 28898
 28898
 28898
 28898
 28898
 29369
 29369
 29369
 29369
 29369
 29811
 29811
 29811
 29811
 29811
 30224
 30224
 30224
 30224
 30224
 30607
 30607
 30607
 30607
 30607
 30960
 30960
 30960
 30960
 30960
 31282
 31282
 31282
 31282
 31282
 31573
 31573
 31573
 31573
 31573
 31833
 31833
 31833
 31833
 31833
 32061
 32061
 32061
 32061
 32061
 32258
 32258
 32258
 32258
 32258
 32423
 32423
 32423
 32423
 32423
 32555
 32555
 32555
 32555
 32555
 32656
 32656
 32656
 32656
 32656
 32724
 32724
 32724
 32724
 32724
 32760
 32760
 32760
 32760
 32760
 32764
 32764
 32764
 32764
 32764
 32735
 32735
 32735
 32735
 32735
 32673
 32673
 32673
 32673
 32673
 32580
 32580
 32580
 32580
 32580
 32454
 32454
 32454
 32454
 32454
 32296
 32296
 32296
 32296
 32296
 32106
 32106
 32106
 32106
 32106
 31885
 31885
 31885
 31885
 31885
 31632
 31632
 31632
 31632
 31632
 31347
 31347
 31347
 31347
 31347
 31032
 31032
 31032
 31032
 31032
 30686
 30686
 30686
 30686
 30686
 30310
 30310
 30310
 30310
 30310
 29903
 29903
 29903
 29903
 29903
 29467
 29467
 29467
 29467
 29467
 29002
 29002
 29002
 29002
 29002
 28508
 28508
 28508
 28508
 28508
 27987
 27987
 27987
 27987
 27987
 27437
 27437
 27437
 27437
 27437
 26860
 26860
 26860
 26860
 26860
 26257
 26257
 26257
 26257
 26257
 25628
 25628
 25628
 25628
 25628
 24973
 24973
 24973
 24973
 24973
 24294
 24294
 24294
 24294
 24294
 23591
 23591
 23591
 23591
 23591
 22864
 22864
 22864
 22864
 22864
 22115
 22115
 22115
 22115
 22115
 21344
 21344
 21344
 21344
 21344
 20551
 20551
 20551
 20551
 20551
 19739
 19739
 19739
 19739
 19739
 18907
 18907
 18907
 18907
 18907
 18056
 18056
 18056
 18056
 18056
 17187
 17187
 17187
 17187
 17187
 16302
 16302
 16302
 16302
 16302
 15400
 15400
 15400
 15400
 15400
 14483
 14483
 14483
 14483
 14483
 13552
 13552
 13552
 13552
 13552
 12607
 12607
 12607
 12607
 12607
 11650
 11650
 11650
 11650
 11650
 10681
 10681
 10681
 10681
 10681
  9702
  9702
  9702
  9702
  9702
  8713
  8713
  8713
  8713
  8713
  7716
  7716
  7716
  7716
  7716
  6711
  6711
  6711
  6711
  6711
  5699
  5699
  5699
  5699
  5699
  4682
  4682
  4682
  4682
  4682
  3660
  3660
  3660
  3660
  3660
  2634
  2634
  2634
  2634
  2634
  1606
  1606
  1606
  1606
  1606
   576
   576
   576
   576
   576
  -454
  -454
  -454
  -454
  -454
 -1484
 -1484
 -1484
 -1484
 -1484
 -2512
 -2512
 -2512
 -2512
 -2512
 -3538
 -3538
 -3538
 -3538
 -3538
 -4561
 -4561
 -4561
 -4561
 -4561
 -5579
 -5579
 -5579
 -5579
 -5579
 -6591
 -6591
 -6591
 -6591
 -6591
 -7597
 -7597
 -7597
 -7597
 -7597
 -8595
 -8595
 -8595
 -8595
 -8595
 -9585
 -9585
 -9585
 -9585
 -9585
-10565
-10565
-10565
-10565
-10565
-11535
-11535
-11535
-11535
-11535
-12494
-12494
-12494
-12494
-12494
-13440
-13440
-13440
-13440
-13440
-14373
-14373
-14373
-14373
-14373
-15292
-15292
-15292
-15292
-15292
-16195
-16195
-16195
-16195
-16195
-17083
-17083
-17083
-17083
-17083
-17954
-17954
-17954
-17954
-17954
-18807
-18807
-18807
-18807
-18807
-19641
-19641
-19641
-19641
-19641
-20456
-20456
-20456
-20456
-20456
-21250
-21250
-21250
-21250
-21250
-22024
-22024
-22024
-22024
-22024
-22776
-22776
-22776
-22776
-22776
-23505
-23505
-23505
-23505
-23505
-24211
-24211
-24211
-24211
-24211
-24894
-24894
-24894
-24894
-24894
-25551
-25551
-25551
-25551
-25551
-26183
-26183
-26183
-26183
-26183
-26790
-26790
-26790
-26790
-26790
-27370
-27370
-27370
-27370
-27370
-27923
-27923
-27923
-27923
-27923
-28448
-28448
-28448
-28448
-28448
-28945
-28945
-28945
-28945
-28945
-29414
-29414
-29414
-29414
-29414
-29853
-29853
-29853
-29853
-29853
-30263
-30263
-30263
-30263
-30263
-30643
-30643
-30643
-30643
-30643
-30992
-30992
-30992
-30992
-30992
-31311
-31311
-31311
-31311
-31311
-31600
-31600
-31600
-31600
-31600
-31856
-31856
-31856
-31856
-31856
-32082
-32082
-32082
-32082
-32082
-32275
-32275
-32275
-32275
-32275
-32437
-32437
-32437
-32437
-32437
-32567
-32567
-32567
-32567
-32567
-32664
-32664
-32664
-32664
-32664
-32729
-32729
-32729
-32729
-32729
-32762
-32762
-32762
-32762
-32762
-32762
-32762
-32762
-32762
-32762
-32730
-32730
-32730
-32730
-32730
-32666
-32666
-32666
-32666
-32666
-32569
-32569
-32569
-32569
-32569
-32440
-32440
-32440
-32440
-32440
-32279
-32279
-32279
-32279
-32279
-32086
-32086
-32086
-32086
-32086
-31861
-31861
-31861
-31861
-31861
-31605
-31605
-31605
-31605
-31605
-31318
-31318
-31318
-31318
-31318
-31000
-31000
-31000
-31000
-31000
-30651
-30651
-30651
-30651
-30651
-30271
-30271
-30271
-30271
-30271
-29862
-29862
-29862
-29862
-29862
-29423
-29423
-29423
-29423
-29423
-28955
-28955
-28955
-28955
-28955
-28459
-28459
-28459
-28459
-28459
-27934
-27934
-27934
-27934
-27934
-27382
-27382
-27382
-27382
-27382
-26803
-26803
-26803
-26803
-26803
-26197
-26197
-26197
-26197
-26197
-25565
-25565
-25565
-25565
-25565
-24908
-24908
-24908
-24908
-24908
-24226
-24226
-24226
-24226
-24226
-23521
-23521
-23521
-23521
-23521
-22792
-22792
-22792
-22792
-22792
-22040
-22040
-22040
-22040
-22040
-21267
-21267
-21267
-21267
-21267
-20473
-20473
-20473
-20473
-20473
-19658
-19658
-19658
-19658
-19658
-18825
-18825
-18825
-18825
-18825
-17972
-17972
-17972
-17972
-17972
-17102
-17102
-17102
-17102
-17102
-16214
-16214
-16214
-16214
-16214
-15311
-15311
-15311
-15311
-15311
-14393
-14393
-14393
-14393
-14393
-13460
-13460
-13460
-13460
-13460
-12514
-12514
-12514
-12514
-12514
-11556
-11556
-11556
-11556
-11556
-10586
-10586
-10586
-10586
-10586
 -9606
 -9606
 -9606
 -9606
 -9606
 -8616
 -8616
 -8616
 -8616
 -8616
 -7618
 -7618
 -7618
 -7618
 -7618
 -6612
 -6612
 -6612
 -6612
 -6612
 -5600
 -5600
 -5600
 -5600
 -5600
 -4582
 -4582
 -4582
 -4582
 -4582
 -3560
 -3560
 -3560
 -3560
 -3560
 -2534
 -2534
 -2534
 -2534
 -2534
 -1506
 -1506
 -1506
 -1506
 -1506
  -476
  -476
  -476
  -476
  -476
   554
   554
   554
   554
   554
  1584
  1584
  1584
  1584
  1584
  2612
  2612
  2612
  2612
  2612
  3638
  3638
  3638
  3638
  3638
  4660
  4660
  4660
  4660
  4660
  5678
  5678
  5678
  5678
  5678
  6689
  6689
  6689
  6689
  6689
  7695
  7695
  7695
  7695
  7695
  8692
  8692
  8692
  8692
  8692
  9681
  9681
  9681
  9681
  9681
 10661
 10661
 10661
 10661
 10661
 11629
 11629
 11629
 11629
 11629
 12587
 12587
 12587
 12587
 12587
 13532
 13532
 13532
 13532
 13532
 14463
 14463
 14463
 14463
 14463
 15381
 15381
 15381
 15381
 15381
 16283
 16283
 16283
 16283
 16283
 17169
 17169
 17169
 17169
 17169
 18038
 18038
 18038
 18038
 18038
 18889
 18889
 18889
 18889
 18889
 19721
 19721
 19721
 19721
 19721
 20534
 20534
 20534
 20534
 20534
 21327
 21327
 21327
 21327
 21327
 22098
 22098
 22098
 22098
 22098
 22848
 22848
 22848
 22848
 22848
 23575
 23575
 23575
 23575
 23575
 24279
 24279
 24279
 24279
 24279
 24959
 24959
 24959
 24959
 24959
 25614
 25614
 25614
 25614
 25614
 26244
 26244
 26244
 26244
 26244
 26848
 26848
 26848
 26848
 26848
 27425
 27425
 27425
 27425
 27425
 27975
 27975
 27975
 27975
 27975
 28498
 28498
 28498
 28498
 28498
 28992
 28992
 28992
 28992
 28992
 29458
 29458
 29458
 29458
 29458
 29894
 29894
 29894
 29894
 29894
 30301
 30301
 30301
 30301
 30301
 30678
 30678
 30678
 30678
 30678
 31025
 31025
 31025
 31025
 31025
 31341
 31341
 31341
 31341
 31341
 31626
 31626
 31626
 31626
 31626
 31880
